date,date_gap,disp,flags,lat,lon,mask,size,vel_angle
1986075,0,0,2,-64.5,99.1,0,10,0
1987151,441,0,2,-64.5,99.1,0,10,0
1987214,63,4.779,2,-64.5,99,0,10,0
1987228,14,0,2,-64.5,99,0,10,0
1989071,573,14.638,2,-64.6,98.8,0,10,0
1989141,70,24.173,2,-64.4,99,0,10,0
1989183,42,40.152,2,-64.6,98.3,0,10,0
1989323,140,34.654,2,-64.3,98.1,0,10,0
1990182,224,40.254,2,-64.5,98.8,0,10,0
1990196,14,44.334,2,-64.3,98,0,10,0
1990350,154,0,2,-64.3,98,0,10,0
1990351,1,0,3,-64.3,98,0,10,0
1990352,1,0,3,-64.3,98,0,10,0
1990353,1,0,3,-64.3,98,0,10,0
1990354,1,0,3,-64.3,98,0,10,0
1990355,1,0,3,-64.3,98,0,10,0
1990356,1,0,3,-64.3,98,0,10,0
1990357,1,0,2,-64.3,98,0,10,0
1991006,14,0,2,-64.3,98,0,10,0
1991034,28,0,2,-64.3,98,0,10,0
1991055,21,0,2,-64.3,98,0,10,0
1991153,98,0,2,-64.3,98,0,10,0
1991244,91,0,2,-64.3,98,0,10,0
1991265,21,0,2,-64.3,98,0,10,0
1991279,14,0,2,-64.3,98,0,10,0
1991335,56,0,2,-64.3,98,0,10,0
1991356,21,0,2,-64.3,98,0,10,0
1992019,28,0,2,-64.3,98,0,10,0
1993080,427,30.897,2,-64.4,98.6,1,10,0
1993081,1,0,3,-64.4,98.6,1,10,0
1993082,1,0,3,-64.4,98.6,0,10,0
1993083,1,0,3,-64.4,98.6,1,10,0
1993084,1,0,3,-64.4,98.6,1,10,0
1993085,1,0,3,-64.4,98.6,0,10,0
1993086,1,0,3,-64.4,98.6,0,10,0
1993087,1,0,2,-64.4,98.6,0,10,0
1993115,28,9.594,2,-64.4,98.4,0,10,0
1993150,35,4.797,2,-64.4,98.5,0,10,0
1993151,1,0.264,3,-64.4,98.495,0,10,0
1993152,1,0.686,3,-64.4,98.48,0,10,0
1993153,1,0.94,3,-64.4,98.461,0,10,0
1993154,1,1.017,3,-64.4,98.439,0,10,0
1993155,1,0.94,3,-64.4,98.42,0,10,0
1993156,1,0.686,3,-64.4,98.406,0,10,0
1993157,1,0.264,2,-64.4,98.4,0,10,0
1993158,1,0.264,3,-64.4,98.406,0,10,0
1993159,1,0.686,3,-64.4,98.42,0,10,0
1993160,1,0.94,3,-64.4,98.439,0,10,0
1993161,1,1.017,3,-64.4,98.461,0,10,0
1993162,1,0.94,3,-64.4,98.48,0,10,0
1993163,1,0.686,3,-64.4,98.495,0,10,0
1993164,1,0.264,2,-64.4,98.5,0,10,0
1993192,28,0,2,-64.4,98.5,0,10,0
1993220,28,0,2,-64.4,98.5,0,10,0
1993221,1,0,3,-64.4,98.5,0,10,0
1993222,1,0,3,-64.4,98.5,0,10,0
1993223,1,0,3,-64.4,98.5,0,10,0
1993224,1,0,3,-64.4,98.5,0,10,0
1993225,1,0,3,-64.4,98.5,0,10,0
1993226,1,0,3,-64.4,98.5,0,10,0
1993227,1,0,2,-64.4,98.5,0,10,0
1993228,1,0,3,-64.4,98.5,0,10,0
1993229,1,0,3,-64.4,98.5,0,10,0
1993230,1,0,3,-64.4,98.5,0,10,0
1993231,1,0,3,-64.4,98.5,0,10,0
1993232,1,0,3,-64.4,98.5,0,10,0
1993233,1,0,3,-64.4,98.5,0,10,0
1993234,1,0,2,-64.4,98.5,0,10,0
1993276,42,0,2,-64.4,98.5,0,10,0
1993304,28,0,2,-64.4,98.5,0,10,0
1993305,1,0,3,-64.4,98.5,0,10,0
1993306,1,0,3,-64.4,98.5,0,10,0
1993307,1,0,3,-64.4,98.5,0,10,0
1993308,1,0,3,-64.4,98.5,0,10,0
1993309,1,0,3,-64.4,98.5,0,10,0
1993310,1,0,3,-64.4,98.5,0,10,0
1993311,1,0,2,-64.4,98.5,0,10,0
1993312,1,0,3,-64.4,98.5,0,10,0
1993313,1,0,3,-64.4,98.5,0,10,0
1993314,1,0,3,-64.4,98.5,0,10,0
1993315,1,0,3,-64.4,98.5,0,10,0
1993316,1,0,3,-64.4,98.5,0,10,0
1993317,1,0,3,-64.4,98.5,0,10,0
1993318,1,0,2,-64.4,98.5,0,10,0
1993319,1,2.479,3,-64.422,98.506,0,10,0
1993320,1,6.376,3,-64.479,98.52,0,10,0
1993321,1,8.721,3,-64.557,98.539,1,10,0
1993322,1,9.512,3,-64.643,98.561,1,10,0
1993325,3,17.573,2,-64.8,98.6,1,10,0
1993339,14,0,2,-64.8,98.6,1,10,0
1993353,14,0,2,-64.8,98.6,0,10,0
1994009,21,0,2,-64.8,98.6,0,10,0
1994219,210,1005.733,2,-66.5,76.8,0,10,0
1994220,1,0,3,-66.5,76.8,0,10,0
1994221,1,0,3,-66.5,76.8,0,10,0
1994222,1,0,3,-66.5,76.8,0,10,0
1994223,1,0,3,-66.5,76.8,0,10,0
1994224,1,0,3,-66.5,76.8,0,10,0
1994225,1,0,3,-66.5,76.8,0,10,0
1994226,1,0,2,-66.5,76.8,0,10,0
1994227,1,0,3,-66.5,76.8,0,10,0
1994228,1,0,3,-66.5,76.8,0,10,0
1994229,1,0,3,-66.5,76.8,0,10,0
1994230,1,0,3,-66.5,76.8,0,10,0
1994231,1,0,3,-66.5,76.8,0,10,0
1994232,1,0,3,-66.5,76.8,0,10,0
1994233,1,0,2,-66.5,76.8,0,10,0
1994234,1,0,3,-66.5,76.8,0,10,0
1994235,1,0,3,-66.5,76.8,0,10,0
1994236,1,0,3,-66.5,76.8,0,10,0
1994237,1,0,3,-66.5,76.8,0,10,0
1994238,1,0,3,-66.5,76.8,0,10,0
1994239,1,0,3,-66.5,76.8,0,10,0
1994240,1,0,2,-66.5,76.8,0,10,0
1994241,1,0,3,-66.5,76.8,0,10,0
1994242,1,0,3,-66.5,76.8,0,10,0
1994243,1,0,3,-66.5,76.8,0,10,0
1994244,1,0,3,-66.5,76.8,0,10,0
1994245,1,0,3,-66.5,76.8,0,10,0
1994246,1,0,3,-66.5,76.8,0,10,0
1994247,1,0,2,-66.5,76.8,0,10,0
1994296,49,350.158,2,-67,68.9,0,10,0
1994297,1,0,3,-67,68.9,0,10,0
1994298,1,0,3,-67,68.9,0,10,0
1994299,1,0,3,-67,68.9,0,10,0
1994300,1,0,3,-67,68.9,0,10,0
1994301,1,0,3,-67,68.9,0,10,0
1994302,1,0,3,-67,68.9,0,10,0
1994303,1,0,2,-67,68.9,0,10,0
1995001,63,82.402,2,-67,67,0,10,0
1995029,28,85.313,2,-66.7,65.2,0,10,0
1995030,1,0,3,-66.7,65.2,0,10,0
1995031,1,0,3,-66.7,65.2,0,10,0
1995032,1,0,3,-66.7,65.2,0,10,0
1995033,1,0,3,-66.7,65.2,0,10,0
1995034,1,0,3,-66.7,65.2,0,10,0
1995035,1,0,3,-66.7,65.2,0,10,0
1995036,1,0,2,-66.7,65.2,0,10,0
1995037,1,0,3,-66.7,65.2,0,10,0
1995038,1,0,3,-66.7,65.2,0,10,0
1995039,1,0,3,-66.7,65.2,0,10,0
1995040,1,0,3,-66.7,65.2,0,10,0
1995041,1,0,3,-66.7,65.2,0,10,0
1995042,1,0,3,-66.7,65.2,0,10,0
1995043,1,0,2,-66.7,65.2,0,10,0
1995044,1,1.288,3,-66.691,65.181,0,10,0
1995045,1,3.402,3,-66.668,65.13,0,10,0
1995046,1,4.786,3,-66.635,65.059,0,10,0
1995047,1,5.477,3,-66.597,64.98,0,10,0
1995048,1,5.448,3,-66.559,64.903,0,10,0
1995049,1,4.706,3,-66.525,64.839,0,10,0
1995050,1,3.277,2,-66.5,64.8,0,10,0
1995051,1,2.105,3,-66.483,64.78,0,10,0
1995052,1,1.728,3,-66.469,64.765,0,10,0
1995053,1,1.492,3,-66.456,64.752,0,10,0
1995054,1,1.419,3,-66.444,64.741,0,10,0
1995055,1,1.475,3,-66.432,64.73,0,10,0
1995056,1,1.692,3,-66.417,64.717,0,10,0
1995057,1,2.048,2,-66.4,64.7,0,10,0
1995058,1,2.775,3,-66.377,64.679,0,10,0
1995059,1,3.544,3,-66.346,64.654,0,10,0
1995060,1,3.978,3,-66.312,64.625,0,10,0
1995061,1,4.093,3,-66.277,64.595,0,10,0
1995062,1,3.852,3,-66.245,64.564,0,10,0
1995063,1,3.302,3,-66.218,64.532,0,10,0
1995064,1,2.476,2,-66.2,64.5,0,10,0
1995092,28,50.154,2,-66,63.5,0,10,0
1995106,14,46.445,2,-65.8,62.6,1,10,0
1995120,14,55.617,2,-65.9,61.4,0,10,0
1995121,1,1.781,3,-65.9,61.361,0,10,0
1995122,1,1.654,3,-65.9,61.324,0,10,0
1995123,1,1.5,3,-65.9,61.291,0,10,0
1995124,1,1.337,3,-65.9,61.262,0,10,0
1995125,1,1.147,3,-65.9,61.236,0,10,0
1995126,1,0.938,3,-65.9,61.216,0,10,0
1995127,1,0.707,2,-65.9,61.2,0,10,0
1995155,28,78.248,2,-65.2,61,0,10,0
1995232,77,316.353,2,-65.2,54.2,1,10,0
1995246,14,79.781,2,-65.3,52.5,0,10,0
1995247,1,2.931,3,-65.326,52.5,0,10,0
1995248,1,5.173,3,-65.373,52.5,0,10,0
1995249,1,6.45,3,-65.431,52.5,0,10,0
1995250,1,6.727,3,-65.492,52.5,0,10,0
1995251,1,6.028,3,-65.546,52.5,0,10,0
1995252,1,4.329,3,-65.585,52.5,0,10,0
1995253,1,1.665,2,-65.6,52.5,0,10,0
1995254,1,0,3,-65.6,52.5,0,10,0
1995255,1,0,3,-65.6,52.5,0,10,0
1995256,1,0,3,-65.6,52.5,0,10,0
1995257,1,0,3,-65.6,52.5,0,10,0
1995258,1,0,3,-65.6,52.5,0,10,0
1995259,1,0,3,-65.6,52.5,0,10,0
1995260,1,0,2,-65.6,52.5,0,10,0
1995302,42,0,2,-65.6,52.5,0,10,0
